4294967279,11
4294967279,10
52,4
85,4
87,4
64,10
64,9
64,8
64,4
103,24
103,22
103,12
103,11
103,10
103,9
103,8
103,7
103,6
103,5
89,4
4294967294,30
4294967294,1077
4294967294,1076
4294967294,1074
4294967294,1073
4294967294,1068
4294967294,1057
4294967294,1031
4294967294,1029
4294967294,1028
4294967294,1027
4294967294,1026
4294967294,60
4294967294,88
4294967294,83
4294967294,14
4294967294,20
4294967294,13
4294967294,127
4294967294,126
4294967294,18
4294967294,161
4294967294,199
4294967294,197
4294967294,195
4294967294,193
4294967294,192
4294967294,1051
4294967294,1048
4294967294,1047
4294967294,1044
4294967294,1042
4294967294,1037
4294967294,1035
4294967294,422
4294967294,401
4294967294,185
4294967294,182
4294967294,176
4294967294,170
4294967294,206
4294967294,203
4294967294,11
4294967294,427
4294967278,132
4294967278,131
4294967278,130
4294967278,129
4294967278,128
4294967278,127
4294967278,126
4294967278,125
4294967278,124
4294967278,123
4294967278,122
4294967278,121
4294967278,120
4294967278,119
4294967278,118
4294967278,117
4294967278,116
4294967278,115
4294967278,114
4294967278,113
4294967278,112
4294967278,111
4294967278,110
4294967278,109
4294967278,108
4294967278,107
4294967278,106
4294967278,105
4294967278,104
4294967278,103
4294967278,102
4294967278,101
4294967278,100
4294967278,99
4294967278,98
4294967278,97
4294967278,96
4294967278,95
4294967278,94
4294967278,93
4294967278,92
4294967278,91
4294967278,90
4294967278,89
4294967278,87
4294967278,86
4294967278,85
4294967278,84
4294967278,83
4294967278,82
4294967278,81
4294967278,80
4294967278,79
4294967278,78
4294967278,77
4294967278,76
4294967278,75
4294967278,74
4294967278,73
4294967278,72
4294967278,71
4294967278,70
4294967278,69
4294967278,68
4294967278,67
4294967278,66
4294967278,65
4294967278,64
4294967278,63
4294967278,62
4294967278,260
4294967279,85
4294967279,84
4294967279,81
4294967279,80
4294967279,76
4294967279,75
4294967279,74
4294967279,67
4294967279,66
4294967279,65
4294967279,64
4294967279,60
4294967279,56
4294967279,55
4294967279,54
4294967279,48
4294967279,46
4294967279,41
4294967279,34
4294967279,33
4294967279,30
4294967279,29
4294967279,27
4294967279,24
4294967279,22
4294967279,21
4294967279,20
4294967279,17
4294967279,15
4294967279,9
4294967279,8
4294967279,7
4294967279,6
4294967279,5
4294967279,4
4294967294,166
4294967294,24
4294967294,169
4294967294,184
4294967294,175
64,7
103,21
103,4
4294967294,200
4294967294,194
4294967294,1052
4294967294,1050
4294967294,1045
4294967294,1043
4294967294,1041
4294967294,1038
4294967294,1034
4294967294,190
4294967294,173
4294967294,163
4294967294,162
4294967294,12
4294967294,68
4294967279,39
4294967279,468
4294967294,17
4294967294,99
4294967294,76
4294967294,1086
4294967294,186
4294967294,1357
4294967279,38
4294967294,95
4294967294,96
4294967294,93
4294967294,94
4294967279,23
4294967294,67
4294967294,1361
4294967294,46
4294967294,388
4294967294,51
4294967294,1054
4294967294,471
4294967294,2
4294967294,0
4294967294,469
4294967294,25
4294967294,82
4294967294,92
4294967294,90
4294967294,86
4294967294,1356
4294967294,1
4294967294,28
4294967294,27
4294967294,470
4294967294,26
4294967294,417
4294967294,45
4294967294,42
4294967294,39
4294967294,37
4294967279,469
4294967278,294
4294967294,6
4294967279,146
4294967279,145
0,5
103,26
103,25
103,23
103,3
103,2
103,1
4294967279,257
4294967294,472
4294967278,442
4294967293,131
4294967293,130
4294967293,129
4294967293,128
4294967293,127
4294967293,126
4294967293,125
4294967293,124
4294967293,123
4294967293,122
4294967293,121
4294967293,120
4294967293,119
4294967293,118
4294967293,117
4294967293,116
4294967293,115
4294967293,114
4294967293,113
4294967293,112
4294967293,111
4294967293,110
4294967293,109
4294967293,108
4294967293,107
4294967293,106
4294967293,105
4294967293,104
4294967293,103
4294967293,102
4294967293,101
4294967293,100
4294967293,99
4294967293,98
4294967293,97
4294967293,96
4294967293,95
4294967293,94
4294967293,93
4294967293,92
4294967293,91
4294967293,90
4294967293,89
4294967293,88
4294967293,87
4294967293,86
4294967293,85
4294967293,84
4294967293,83
4294967293,82
4294967293,81
4294967293,80
4294967293,79
4294967293,78
4294967293,77
4294967293,76
4294967293,75
4294967293,74
4294967293,73
4294967293,72
4294967293,71
4294967293,70
4294967293,69
4294967293,68
4294967293,67
4294967293,66
4294967293,65
4294967293,64
4294967293,63
4294967293,62
4294967293,61
4294967293,60
4294967293,59
4294967293,58
